version https://git-lfs.github.com/spec/v1
oid sha256:b33b76e7c3ff1feb94eb2ee5150ab5a6542e56212b9cde1608cccc036beb1a96
size 200848896
